vertices
791.626295 2407.317384
793.440803 2385.342917
793.318351 2377.684136
792.895337 2367.565194
792.973261 2365.015978
792.561379 2359.650378
793.997400 2343.219621
794.431546 2340.403238
795.066067 2337.920814
796.101338 2335.148958
797.348117 2332.811249
798.728478 2330.807498
808.546857 2331.942957
810.394761 2331.898429
811.374373 2331.664658
812.732470 2330.974477
822.105571 2322.202502
822.595377 2321.545717
823.007259 2320.554973
823.374614 2317.515951
825.489684 2312.962984
825.912698 2312.985248
830.944339 2313.241283
833.983361 2313.330338
842.888920 2314.265422
855.924433 2315.901818
868.058257 2317.304444
870.618606 2317.616139
872.878391 2317.861041
885.257119 2319.363855
886.693140 2319.541966
890.255364 2319.953848
905.394814 2321.712696
906.808572 2321.868543
907.676864 2321.968731
908.790059 2322.091182
910.615699 2322.291557
912.107380 2302.888570
915.402437 2262.089977
917.506375 2235.673861
918.096368 2227.681122
918.285612 2221.436099
917.873729 2215.569561
917.428451 2211.996206
915.591680 2197.691651
914.266978 2187.695161
913.699248 2182.173714
911.895873 2168.336701
910.604567 2158.551718
909.079490 2146.440158
908.355913 2140.863051
907.810447 2138.425154
906.919891 2135.720091
904.548786 2130.298831
902.044098 2125.912843
900.930903 2124.710593
892.392698 2110.316983
886.848987 2100.955014
878.121539 2085.971410
869.572202 2071.455349
866.132430 2065.822582
864.752068 2063.262234
863.661137 2061.247351
863.037748 2059.633219
861.713046 2054.690633
861.590595 2053.633098
861.457011 2052.486507
861.668518 2046.608838
861.701914 2039.450995
861.924553 2026.192844
862.047005 2016.418992
862.213984 2007.813996
862.492283 2004.908557
863.293783 2001.735951
864.418110 1999.008624
866.544312 1995.713567
869.093529 1992.963976
882.841486 1982.956353
896.700762 1973.215898
907.331774 1965.712964
917.584299 1958.710968
925.788545 1953.178390
935.907487 1945.964887
939.692350 1943.259823
950.011666 1936.024056
957.726107 1930.658457
964.627916 1925.782663
966.576007 1924.391169
970.628036 1920.272348
972.075189 1918.814063
975.837788 1914.261096
976.806268 1913.092241
980.179248 1907.748905
983.474305 1901.626333
989.741593 1889.024967
994.639650 1879.217720
999.504312 1869.276889
1010.636261 1846.567713
1012.617748 1842.549080
1020.554828 1826.530205
1021.712550 1824.114572
1024.317426 1818.949348
1028.180213 1810.923212
1031.909416 1803.242167
1033.579208 1799.012027
1035.382584 1792.310593
1036.206348 1787.668571
1036.462383 1785.353125
1036.896529 1778.384525
1036.696154 1773.063454
1035.983709 1767.675590
1035.282396 1763.100359
1034.124674 1758.825691
1032.488277 1754.205932
1030.573582 1749.441458
1027.957574 1743.485865
1016.402611 1716.969562
1003.890300 1688.249133
1001.853153 1682.449388
1000.684299 1676.760962
1000.116569 1671.217251
999.982986 1658.259663
1000.116569 1652.048035
1000.294680 1628.036421
997.912443 1628.370379
995.229644 1628.804525
992.702691 1629.016032
987.526335 1630.797144
980.390755 1631.821284
980.513207 1652.827272
978.364741 1654.085182
976.784004 1655.320828
972.865558 1658.760600
970.149362 1661.398872
964.282825 1666.975979
960.008157 1671.050272
955.421794 1675.580975
953.740869 1676.861150
948.831680 1679.866776
945.915109 1681.614492
938.300856 1686.111799
937.365772 1682.204485
932.445451 1665.083547
929.963026 1657.758725
928.014935 1651.291063
924.241204 1639.346481
920.701244 1628.492831
917.461847 1618.062195
912.196435 1601.342007
904.860481 1604.225182
903.079369 1605.160266
895.966054 1604.592536
891.290635 1604.425557
887.951050 1603.980279
882.830354 1602.243695
882.028853 1602.288223
881.372068 1602.355014
877.754185 1602.566521
867.178833 1602.054452
865.976583 1601.765021
851.961459 1604.247446
851.549577 1604.314237
834.673542 1599.315992
825.845906 1597.768651
823.853287 1597.056207
822.072176 1596.121123
816.662048 1594.506990
815.114707 1593.839073
814.057172 1593.160024
812.888318 1592.536635
809.715712 1591.679475
807.077440 1591.801927
805.507835 1592.358524
796.168130 1595.497734
795.288706 1595.620185
786.561258 1593.816809
784.991653 1593.738886
774.939503 1594.740761
764.853957 1595.542262
760.902115 1595.865088
758.664594 1600.774278
758.130260 1602.388410
755.358405 1602.922744
745.996436 1606.084217
735.699383 1609.913608
726.326282 1613.342248
722.652738 1614.255068
720.381821 1614.065825
717.821472 1613.564887
714.982825 1612.518484
713.791707 1611.149254
709.016101 1605.705731
700.578083 1595.965276
692.718927 1586.959529
689.178968 1586.937265
689.056516 1586.369535
689.279155 1585.556903
689.334815 1583.174666
689.023120 1578.243213
689.501794 1570.350661
689.568586 1563.081498
677.557213 1563.281873
640.754989 1564.005450
630.958874 1564.205825
622.576516 1564.339408
612.023428 1565.263360
603.429564 1566.432215
596.204929 1559.964552
594.557400 1559.051732
595.314373 1567.723521
579.239838 1570.829335
575.443844 1576.773795
575.577427 1581.104124
574.397441 1581.482610
573.718392 1582.016943
572.861232 1583.597680
572.638593 1585.222945
558.812712 1587.015189
547.669631 1588.473474
547.803214 1587.560654
546.756811 1577.152282
545.599088 1566.343159
544.530421 1556.157426
543.417226 1543.032858
539.665759 1543.556059
536.181459 1544.045865
532.975458 1544.491143
505.891426 1548.097895
505.590863 1544.357560
505.457280 1543.867754
504.800495 1543.121913
495.427394 1542.676635
495.360602 1542.053246
493.813261 1527.893407
493.356851 1522.449884
493.189872 1518.242007
492.889309 1511.117560
492.766858 1508.167593
492.555351 1499.874291
492.510823 1496.590366
492.744594 1484.979743
492.989497 1475.083441
493.267796 1463.016408
493.512699 1451.639556
493.668546 1442.834184
493.768733 1438.848946
494.024768 1427.761525
494.091560 1421.705745
493.657414 1411.620199
493.334587 1405.853849
492.722330 1396.970554
492.622143 1395.478873
492.455163 1393.118899
490.373489 1389.389697
486.599758 1381.018471
473.742357 1360.123802
477.015150 1364.966200
479.085693 1368.951438
483.349229 1374.829107
485.820522 1379.170567
496.251158 1549.444860
496.974735 1555.578564
498.733583 1569.571424
499.267916 1572.510259
499.690930 1574.836836
502.351466 1589.764780
503.308814 1595.475470
504.900682 1604.625932
505.334828 1607.141752
507.149336 1618.373889
508.607621 1627.858310
508.273663 1629.183012
508.362719 1632.722971
508.563094 1639.457801
508.462906 1642.663802
508.117816 1649.231652
507.327447 1658.393246
508.451774 1659.139087
508.863656 1659.706816
508.974976 1659.862663
510.010247 1663.436019
510.132699 1659.383990
513.238512 1659.539837
517.913931 1658.482302
535.981084 1654.641779
538.808599 1653.372737
540.511788 1652.370862
542.070260 1651.068424
543.940428 1648.897693
546.211345 1645.135095
544.463629 1644.222275
541.458003 1643.454170
538.697280 1643.420775
535.580334 1643.888316
531.316798 1644.879060
530.615485 1644.177747
527.732310 1635.327848
527.698914 1634.704458
527.420615 1627.980761
527.832498 1624.207030
528.077400 1623.427794
528.266644 1622.960252
529.057012 1617.472201
528.923429 1612.674331
528.544942 1610.692844
527.743442 1604.102730
540.701031 1602.343882
544.085143 1601.898604
553.435980 1600.573903
559.758928 1599.583159
561.773810 1599.304860
569.499383 1598.225061
574.664607 1597.523748
576.980053 1597.200922
578.917012 1596.933755
588.022946 1595.731505
595.325505 1594.751893
597.451707 1594.462462
606.045572 1593.293608
610.977025 1592.748142
614.951131 1592.002302
626.595150 1589.197051
631.448680 1588.484606
636.346737 1588.050460
648.847916 1587.671974
713.546804 1612.462824
713.591332 1616.982395
716.307527 1617.115979
717.276007 1616.882208
717.832604 1616.392402
759.621941 1602.733501
767.636945 1605.316113
779.269831 1609.357010
790.346121 1612.997158
802.079195 1616.971264
805.864058 1618.295965
808.680441 1618.897091
809.493073 1619.119730
811.029282 1619.064070
815.393006 1617.594653
817.107326 1617.271826
827.059289 1616.503722
826.190997 1611.305101
839.126322 1617.149375
840.528947 1617.505597
843.779476 1617.494465
848.176596 1616.525986
849.735069 1616.370138
855.078405 1615.323735
857.249135 1615.223548
859.241754 1615.390527
865.464513 1616.826548
866.232618 1616.793152
867.624111 1616.147499
873.713287 1612.585276
875.861754 1611.939623
877.576074 1611.728116
880.414721 1612.373769
880.815471 1612.696595
881.082638 1612.908102
886.592952 1614.511103
894.184942 1617.193902
898.181311 1618.429549
906.908760 1620.143869
910.181553 1620.756126
911.428331 1620.611411
924.897989 1615.223548
928.259838 1625.765503
931.610555 1636.452174
935.451077 1648.619395
939.670086 1662.133581
942.263830 1669.859154
984.131090 1651.424646
986.992001 1651.068424
995.029268 1651.380118
994.917949 1669.892549
995.018137 1673.332322
995.430019 1677.050393
996.710193 1683.551451
997.355846 1685.833501
998.379985 1688.538564
1011.860775 1719.574438
1015.623374 1728.246227
1027.211733 1754.706869
1028.803602 1758.814559
1029.905665 1762.844324
1030.696033 1766.695979
1031.430742 1771.059703
1031.742437 1776.158135
1031.564325 1782.492214
1030.840749 1788.536863
1028.636623 1797.019408
1027.412108 1800.281069
1022.569710 1810.411143
1019.486161 1816.678430
1017.226375 1821.264793
1015.100173 1825.517198
1010.914560 1834.088798
1004.702932 1846.645637
994.572859 1867.362194
989.941968 1876.534920
984.709952 1887.154800
979.288692 1898.654103
976.216275 1904.598564
971.652175 1910.954907
969.548237 1913.715630
966.498083 1916.799180
961.811532 1920.895737
960.164004 1922.053460
955.611037 1925.270593
945.336248 1932.639944
940.059704 1936.246695
936.998418 1938.361765
928.582664 1944.373018
915.012818 1953.812911
894.006831 1968.317840
877.731921 1979.761484
866.733555 1987.353473
863.026616 1991.305315
861.390220 1993.420386
860.466268 1994.611504
858.161955 2000.978979
857.282531 2005.075536
857.104419 2007.246266
856.592350 2039.261752
856.492162 2046.430727
856.492162 2052.508771
856.748197 2056.137787
857.827996 2060.579434
859.397601 2064.464485
865.342062 2074.761537
873.813475 2089.021564
882.540923 2104.016300
888.429724 2114.057318
897.335283 2129.530727
900.240722 2134.762743
901.587688 2137.835161
902.600695 2140.929843
903.368800 2144.046789
903.814078 2147.553352
905.305759 2158.996996
909.124017 2188.396474
910.393060 2198.604471
912.496998 2214.812589
912.764165 2218.363681
912.953408 2225.332281
912.318887 2234.928021
910.125893 2261.767150
908.367045 2283.819541
906.942155 2302.031410
899.739784 2300.884819
891.891760 2299.760492
890.522530 2299.582381
888.296141 2299.838416
884.466750 2300.339354
876.986080 2301.408021
872.433113 2302.053674
869.483147 2302.476688
856.981968 2304.246668
855.390099 2321.957599
854.711050 2329.683171
854.510675 2333.301055
853.508800 2342.295670
852.651640 2344.488664
851.471653 2348.373714
847.619999 2357.635496
846.083790 2361.798844
842.432510 2363.691276
840.495551 2363.791463
825.957226 2362.377706
811.608143 2360.618858
808.268559 2361.464886
789.466697 2385.342917
788.253314 2401.016701
791.437052 2409.488114
720.370689 2294.450553
721.161057 2282.806534
721.973689 2271.051196
722.474627 2265.941631
722.897641 2264.872964
723.543294 2264.127123
727.339289 2261.177157
732.348666 2257.314370
735.365424 2255.087981
738.816328 2252.394049
739.094627 2252.182542
749.614319 2243.967163
755.725759 2238.623828
763.729630 2232.133902
770.586911 2226.656983
780.260575 2219.398952
785.904473 2215.847860
797.236797 2207.265127
801.722973 2203.535924
813.801137 2194.207351
821.270675 2188.385342
825.356101 2185.190472
835.430515 2177.520559
844.024379 2192.582087
857.460642 2216.059367
863.416234 2226.367552
arestas
0 1
1 2
2 3
2 4
2 5
5 2
3 4
4 5
5 6
6 7
7 8
8 9
9 10
10 19
11 18
12 17
13 16
14 15
15 14
16 13
17 12
18 11
19 20
29 21
28 22
27 23
26 24
25 25
24 26
23 27
22 28
21 29
29 30
30 31
31 32
32 33
33 34
34 35
35 36
36 37
37 38
38 39
39 49
40 48
41 47
42 46
43 45
44 44
45 43
46 42
47 41
48 40
49 50
50 51
51 52
52 53
53 54
54 55
55 56
56 57
57 58
58 59
59 60
60 61
61 62
62 63
63 64
64 65
65 66
66 67
67 68
68 69
69 70
70 71
71 72
72 73
73 74
74 75
75 76
76 77
77 78
78 79
79 80
80 81
81 82
82 83
83 84
84 85
85 86
86 87
87 88
88 89
89 90
90 91
91 92
92 93
93 94
94 95
95 96
96 97
97 98
98 99
99 100
100 101
101 102
102 103
103 104
104 105
105 106
106 107
107 108
108 109
109 110
110 111
111 112
112 113
113 114
114 115
115 116
116 117
117 118
118 119
119 120
120 121
121 122
122 123
123 124
124 125
125 126
126 127
127 128
128 129
129 130
130 131
131 132
132 133
133 134
134 135
135 136
136 137
137 138
138 139
139 140
140 141
141 142
142 143
143 144
144 145
145 146
146 147
147 148
148 149
149 150
150 151
151 152
152 153
153 154
154 155
155 156
156 157
157 158
158 159
159 160
160 161
161 162
162 163
163 164
164 165
165 166
166 167
167 168
168 169
169 170
170 171
171 172
172 173
173 174
174 175
175 176
176 177
177 178
178 179
179 180
180 181
181 182
182 183
183 184
184 185
185 186
186 187
187 188
188 189
189 190
190 191
191 192
192 193
193 194
194 195
195 196
196 197
197 198
198 199
199 200
200 201
201 202
202 203
203 204
204 205
205 206
206 207
207 208
208 209
209 210
210 211
211 212
212 213
213 214
214 215
215 216
216 217
217 218
218 219
219 220
220 221
221 222
222 223
223 224
224 225
225 226
226 227
227 228
228 229
229 230
230 231
231 232
232 233
233 234
234 235
235 236
236 237
237 238
238 239
239 240
240 241
241 242
242 243
243 244
244 245
245 246
246 247
247 248
248 249
249 250
250 251
251 252
252 253
253 254
255 256
256 257
257 258
258 259
259 254
254 253
253 252
252 251
251 250
250 249
249 248
248 247
247 246
246 245
245 244
244 243
243 242
242 241
241 240
240 239
239 238
238 237
237 236
236 235
235 234
234 233
233 232
232 231
231 260
260 261
261 262
262 263
263 264
264 265
265 266
266 267
267 268
268 269
269 270
270 271
271 272
272 273
273 274
274 275
275 276
276 277
277 278
278 279
279 280
280 281
281 282
282 283
283 284
284 285
285 286
286 287
287 288
288 289
289 290
290 291
291 292
292 293
293 294
294 295
295 296
296 297
297 298
298 299
299 300
300 301
301 302
302 303
303 304
304 305
305 306
306 307
307 308
308 309
309 310
310 311
311 312
312 313
313 314
314 315
315 316
316 317
317 318
318 319
319 320
320 321
321 322
322 323
323 324
324 194
194 193
193 192
192 191
191 190
190 325
325 326
326 327
327 328
328 329
329 186
186 185
185 184
184 183
183 182
182 181
181 330
330 331
331 332
332 333
333 334
334 335
335 336
336 337
337 338
338 339
339 340
340 341
341 342
342 343
343 344
344 345
345 346
346 347
347 348
348 349
349 350
350 351
351 352
352 353
353 354
354 355
355 356
356 357
357 358
358 359
359 360
360 361
361 362
362 363
363 364
364 365
365 147
147 366
366 367
367 368
368 369
369 370
370 371
371 139
139 138
138 137
137 136
136 135
135 134
134 133
133 132
132 131
131 130
130 129
129 372
372 373
373 374
374 375
375 376
376 377
377 378
378 379
379 380
380 381
381 382
382 383
383 384
384 385
385 386
386 387
387 388
388 389
389 390
390 391
391 392
392 393
393 394
394 395
395 396
396 397
397 398
398 399
399 400
400 401
401 402
402 403
403 404
404 405
405 406
406 407
407 408
408 409
409 410
410 411
411 412
412 413
413 414
414 415
415 416
416 417
417 418
418 419
419 420
420 421
421 422
422 423
423 424
424 425
425 426
426 427
427 428
428 429
429 430
430 431
431 432
432 433
433 434
434 435
435 436
436 437
437 438
438 439
439 440
440 441
441 442
442 443
443 444
444 445
445 446
446 447
447 448
448 449
449 450
450 451
451 452
452 453
453 454
454 455